24579
24581
24590
24608
24619
24630
24636
24685
24694
24738
24748
24751
24752
24763
24773
24803
24833
24835
24836
24849
24853
24860
24883
24887
24892
24920
24923
24929
24937
24946
24948
24951
24960
24962
24967
24968
24972
24979
25007
25009
25014
25017
25019
25020
25021
25027
25030
25032
25034
25038
25039
25045
25898
25899
25902
25905
25907
25908
25919
25921
25933
25947
25957
25962
25992
26006
26059
26061
26066
26084
26098
26142
26150
26156
26172
26204
26213
26217
26263
26275
26281
26303
26305
26315
26329
26337
26363
26499
26505
26516
26570
26573
26594
26595
26610
26703
26761
26763
26768
27191
27207
