24683
24684
24685
24686
24687
24688
24689
24690
24691
24692
24694
24695
24696
24697
24698
24699
24700
24703
24704
24705
24721
24722
24723
24724
24725
24726
24727
24729
24730
24732
24733
24734
24735
24736
24737
24738
24739
24742
24743
24744
24745
24746
24747
24748
24749
24750
24751
24752
24754
24755
24758
24759
24760
24762
24763
24765
24766
24767
24769
24770
24772
24773
24774
24775
24777
24778
24779
24780
24782
24783
24784
24785
24786
24787
24788
24790
24792
24795
24796
24797
24799
24800
24801
24802
24803
24831
24832
24833
24835
24836
24840
24845
24846
24847
24849
24850
24851
24852
24853
24854
24855
24856
24857
24858
24859
24860
24863
24865
24866
24867
24868
24870
24871
24872
24873
24874
24875
24877
24878
24879
24880
24881
24883
24884
24885
24886
24887
24889
24890
24891
24892
24893
24894
24895
24920
24921
24922
24923
24925
24926
24927
24928
24929
24935
24936
24937
24938
24939
24940
24941
24942
24943
24946
24947
24948
24949
24951
24952
24953
24956
24957
24958
24960
24961
24962
24963
24964
24965
24966
24967
24968
24969
24970
24971
24972
24973
24974
24975
24976
24977
24978
24979
24980
24981
24982
24983
24984
24985
24986
24987
24988
24995
24997
24998
24999
25000
25001
25002
25003
25004
25006
25007
25008
25009
25010
25011
25012
25013
25014
25017
25019
25020
25021
25022
25023
25024
25025
25026
25027
25028
25029
25030
25031
25032
25033
25034
25035
25036
25037
25038
25039
25040
25041
25043
25044
25045
