34184
34185
34186
34187
34188
34190
34191
34193
34203
34205
34210
34213
34214
34215
34217
34218
34221
34224
34279
34282
34283
34284
34285
34287
34290
34291
34294
34295
34297
34299
34300
34301
34305
34306
34308
34309
34312
34313
34315
34316
34317
34318
34321
34322
34323
34324
34330
34334
34338
34342
34343
34344
34347
34349
34350
34353
34354
34355
34361
34397
34400
34402
34403
34404
34406
34411
34413
34416
34423
34429
34430
34433
34434
34436
34438
34439
34440
34442
34443
34444
34473
34474
34475
34476
34477
34480
34483
34485
34494
34497
34498
34506
34512
34522
34523
34524
34525
34526
34528
34529
34531
34533
34535
34536
34582
34583
34584
34585
34586
34588
34589
34594
34598
34599
34600
34601
34602
34604
34605
34607
34610
34612
34613
34614
34615
34616
34618
