15921
15922
15923
15924
15925
15926
15927
15928
15929
15930
15931
15932
15933
15934
15935
15936
15937
15938
15939
15940
15941
15942
15943
15944
15945
15946
15947
15948
15949
15950
15951
15952
15953
15954
15955
15957
15958
15959
15960
15961
15963
15964
15967
15968
15969
15970
15972
15973
15974
15975
15977
15978
15981
15982
15984
15985
15986
15987
15988
15989
15991
16355
16356
16357
16358
16359
16362
16363
16364
16365
16366
16367
16368
16369
16370
16371
16372
16373
16374
16376
16377
16378
16379
16380
16381
16382
16383
16410
16412
16413
16414
16415
16416
16417
16418
16419
16422
16424
16425
16426
16427
16428
16429
16430
16431
16432
16433
16434
16436
16437
16444
16445
16446
16447
16450
16452
16453
16454
16455
16456
16457
16458
16459
16460
16461
16462
16465
16466
16467
16468
16469
16470
16471
16472
16473
16474
16475
16476
16477
16478
16479
16480
16481
16482
16483
16484
16485
16486
16487
16488
16489
16490
16491
16492
16493
16494
16495
16499
16500
16502
16503
16508
16509
16510
16511
16512
16513
16514
17065
17066
17068
17070
17072
17073
17074
17075
17076
17077
17078
17079
17080
17081
17082
17083
17089
17093
17094
17097
17098
17105
17106
17107
17108
17109
17110
17112
17113
17116
17117
17118
17120
17121
17122
17123
17124
17126
17127
17128
17129
17130
17132
17133
17134
17135
17139
17140
17143
17145
17147
17148
17152
17153
17155
17156
17157
17159
17160
17162
17163
17164
17166
17167
17168
17169
17171
17172
17174
17175
17178
17179
17180
17212
17213
17215
17216
17218
17219
17220
17223
17224
17226
17227
17228
17229
17231
17232
17234
17235
17238
17239
17240
17241
17242
17243
17244
17245
17246
17247
17248
17249
17250
17251
17252
17255
17256
17257
17258
17259
17260
17261
17262
17264
17265
17266
17267
17268
17270
17271
17272
17291
17292
17293
17294
17295
17296
17297
17298
17299
17300
17301
17302
17303
17304
17305
17307
17308
17309
17310
17311
17312
17314
17316
17317
17318
17319
17320
17321
17322
17323
17324
17325
17326
17327
17329
17331
17333
17334
17335
17341
17342
17343
17344
17345
17351
17352
17353
17354
17356
17357
17361
17362
17378
17379
17380
17381
17382
17383
17384
17385
17386
17387
17388
17389
17390
17391
17392
17393
17394
17397
17398
17399
17400
17401
17402
17403
17404
17405
17406
17407
17408
17410
17411
17412
17413
17414
17416
17417
17418
17419
17420
17421
17424
17430
17431
17432
17433
17434
17435
17436
17438
17439
17440
17441
17444
17445
17446
17447
17448
17449
17450
17451
17452
17453
17454
17455
17456
17457
17458
17459
17466
17467
17468
17470
17471
17472
17475
17476
17477
17493
17499
17500
17501
17502
17503
17504
17505
17506
17520
17521
17523
17524
17525
17526
17527
16113
16114
16115
16116
16117
16118
16119
16120
16121
16122
16123
16124
16125
16126
16127
16128
16129
16130
16132
16133
16134
16135
16136
16137
16138
16142
16143
16144
16145
16146
16147
16148
16149
16150
16154
16155
16156
16157
16158
16159
16160
16161
16162
16163
16165
16166
16167
16168
16171
16172
16173
16174
16175
16176
16177
16178
16179
16180
16182
16183
16184
16185
16186
16187
16188
16189
16190
16191
16192
16193
16194
16195
16196
16199
16200
16201
16202
16203
16227
16228
16229
16230
16231
16232
16233
16234
24576
24577
24578
24579
24580
24581
24582
24583
24584
24587
24588
24589
24590
24591
24594
24597
24604
24608
24613
24616
24619
24620
24621
24627
24630
24631
24632
24633
24636
24683
24684
24685
24686
24687
24688
24689
24690
24691
24692
24694
24695
24696
24697
24698
24699
24700
24703
24704
24705
24721
24722
24723
24724
24725
24726
24727
24729
24730
24732
24733
24734
24735
24736
24737
24738
24739
24742
24743
24744
24745
24746
24747
24748
24749
24750
24751
24752
24754
24755
24758
24759
24760
24762
24763
24765
24766
24767
24769
24770
24772
24773
24774
24775
24777
24778
24779
24780
24782
24783
24784
24785
24786
24787
24788
24790
24792
24795
24796
24797
24799
24800
24801
24802
24803
24831
24832
24833
24835
24836
24840
24845
24846
24847
24849
24850
24851
24852
24853
24854
24855
24856
24857
24858
24859
24860
24863
24865
24866
24867
24868
24870
24871
24872
24873
24874
24875
24877
24878
24879
24880
24881
24883
24884
24885
24886
24887
24889
24890
24891
24892
24893
24894
24895
24920
24921
24922
24923
24925
24926
24927
24928
24929
24935
24936
24937
24938
24939
24940
24941
24942
24943
24946
24947
24948
24949
24951
24952
24953
24956
24957
24958
24960
24961
24962
24963
24964
24965
24966
24967
24968
24969
24970
24971
24972
24973
24974
24975
24976
24977
24978
24979
24980
24981
24982
24983
24984
24985
24986
24987
24988
24995
24997
24998
24999
25000
25001
25002
25003
25004
25006
25007
25008
25009
25010
25011
25012
25013
25014
25017
25019
25020
25021
25022
25023
25024
25025
25026
25027
25028
25029
25030
25031
25032
25033
25034
25035
25036
25037
25038
25039
25040
25041
25043
25044
25045
25894
25895
25896
25897
25898
25899
25900
25901
25902
25903
25904
25905
25906
25907
25908
25909
25916
25917
25918
25919
25920
25921
25922
25923
25925
25926
25927
25928
25929
25930
25932
25933
25934
25935
25936
25937
25938
25939
25940
25941
25946
25947
25948
25949
25950
25951
25952
25953
25954
25955
25957
25959
25960
25961
25962
25980
25981
25982
25983
25984
25985
25987
25988
25989
25990
25991
25992
25994
25996
25997
25999
26000
26001
26002
26003
26006
26009
26010
26011
26012
26013
26014
26015
26052
26053
26055
26058
26059
26061
26064
26065
26066
26067
26071
26072
26073
26074
26078
26079
26080
26081
26082
26083
26084
26085
26086
26087
26088
26089
26090
26092
26095
26097
26098
26099
26100
26139
26140
26142
26143
26147
26148
26149
26150
26153
26154
26155
26156
26159
26168
26169
26170
26171
26172
26173
26174
26175
26176
26177
26178
26179
26197
26198
26203
26204
26205
26206
26207
26210
26211
26212
26213
26214
26215
26216
26217
26218
26263
26270
26271
26272
26273
26274
26275
26276
26279
26280
26281
26285
26286
26294
26295
26296
26297
26298
26299
26300
26301
26302
26303
26304
26305
26306
26307
26313
26314
26315
26316
26317
26318
26319
26320
26321
26322
26324
26325
26326
26327
26328
26329
26330
26333
26334
26335
26336
26337
26338
26339
26340
26343
26358
26359
26360
26362
26363
26366
26367
26373
26374
26375
26376
26379
26380
26383
26478
26482
26483
26486
26487
26488
26491
26492
26493
26494
26496
26497
26498
26499
26500
26501
26502
26503
26504
26505
26506
26507
26508
26509
26510
26511
26512
26513
26514
26516
26517
26518
26519
26521
26522
26524
26563
26564
26565
26566
26569
26570
26571
26572
26573
26574
26575
26576
26579
26585
26586
26589
26590
26591
26592
26593
26594
26595
26609
26610
26611
26675
26676
26678
26679
26680
26683
26684
26685
26686
26687
26688
26689
26691
26692
26693
26695
26696
26697
26700
26702
26703
26705
26706
26707
26708
26709
26710
26711
26712
26713
26714
26715
26716
26717
26718
26719
26720
26757
26758
26759
26760
26761
26762
26763
26764
26765
26768
26769
26770
26771
26772
26773
26774
26783
26792
26793
26797
26798
26802
26803
26999
27013
27018
27019
27021
27022
27028
27029
27041
27042
27166
27188
27189
27190
27191
27192
27193
27194
27195
27196
27197
27201
27203
27204
27205
27206
27207
27210
27211
27212
34184
34185
34186
34187
34188
34189
34190
34191
34192
34193
34203
34204
34205
34206
34207
34208
34209
34210
34212
34213
34214
34215
34216
34217
34218
34219
34220
34221
34222
34223
34224
34226
34227
34274
34278
34279
34281
34282
34283
34284
34285
34287
34288
34289
34290
34291
34292
34293
34294
34295
34296
34297
34298
34299
34300
34301
34302
34305
34306
34308
34309
34310
34311
34312
34313
34314
34315
34316
34317
34318
34319
34320
34321
34322
34323
34324
34325
34330
34334
34335
34337
34338
34339
34340
34341
34342
34343
34344
34345
34346
34347
34348
34349
34350
34351
34352
34353
34354
34355
34357
34358
34359
34360
34361
34362
34396
34397
34399
34400
34402
34403
34404
34405
34406
34409
34411
34412
34413
34414
34415
34416
34417
34418
34419
34420
34421
34422
34423
34424
34428
34429
34430
34433
34434
34435
34436
34437
34438
34439
34440
34441
34442
34443
34444
34470
34473
34474
34475
34476
34477
34479
34480
34481
34482
34483
34485
34486
34490
34491
34494
34495
34497
34498
34499
34506
34512
34518
34521
34522
34523
34524
34525
34526
34527
34528
34529
34530
34531
34532
34533
34535
34536
34581
34582
34583
34584
34585
34586
34587
34588
34589
34590
34591
34594
34595
34598
34599
34600
34601
34602
34604
34605
34606
34607
34610
34611
34612
34613
34614
34615
34616
34618
34702
34703
34704
34705
34706
34707
34708
34710
34711
34712
34713
34718
34719
34720
34721
34722
34723
34724
34725
34726
34727
34728
34729
34731
34732
34733
34734
34735
34739
34740
34741
34742
34745
34746
34747
34748
34749
34750
34751
34752
34753
34754
34755
34756
34757
34758
34759
34760
34761
34762
34764
34798
34799
34800
34801
34803
34804
34805
34806
34808
34809
34810
34811
34812
34813
34816
34817
34818
34819
34820
34821
34822
34823
34824
34825
34826
34827
34828
34829
34830
34831
34832
34833
34834
34835
34838
34839
34840
34841
34842
34847
34848
34849
34852
34853
34854
34855
34856
34857
34858
34860
34861
34864
34865
34873
34876
34877
34878
34882
34883
34884
34885
34886
34887
34888
34889
34890
34891
34892
34893
34894
34895
34896
34897
34898
34899
34901
34904
34905
34906
34907
34908
34910
34911
34912
34913
34914
34915
34916
34917
34918
34919
34920
