25894
25895
25896
25897
25898
25899
25900
25901
25902
25903
25904
25905
25906
25907
25908
25909
25916
25917
25918
25919
25920
25921
25922
25923
25925
25926
25927
25928
25929
25930
25932
25933
25934
25935
25936
25937
25938
25939
25940
25941
25946
25947
25948
25949
25950
25951
25952
25953
25954
25955
25957
25959
25960
25961
25962
25980
25981
25982
25983
25984
25985
25987
25988
25989
25990
25991
25992
25994
25996
25997
25999
26000
26001
26002
26003
26006
26009
26010
26011
26012
26013
26014
26015
26052
26053
26055
26058
26059
26061
26064
26065
26066
26067
26071
26072
26073
26074
26078
26079
26080
26081
26082
26083
26084
26085
26086
26087
26088
26089
26090
26092
26095
26097
26098
26099
26100
26139
26140
26142
26143
26147
26148
26149
26150
26153
26154
26155
26156
26159
26168
26169
26170
26171
26172
26173
26174
26175
26176
26177
26178
26179
26197
26198
26203
26204
26205
26206
26207
26210
26211
26212
26213
26214
26215
26216
26217
26218
26263
26270
26271
26272
26273
26274
26275
26276
26279
26280
26281
26285
26286
26294
26295
26296
26297
26298
26299
26300
26301
26302
26303
26304
26305
26306
26307
26313
26314
26315
26316
26317
26318
26319
26320
26321
26322
26324
26325
26326
26327
26328
26329
26330
26333
26334
26335
26336
26337
26338
26339
26340
26343
26358
26359
26360
26362
26363
26366
26367
26373
26374
26375
26376
26379
26380
26383
