34702
34703
34704
34705
34706
34707
34708
34710
34711
34712
34713
34718
34719
34720
34721
34722
34723
34724
34725
34726
34727
34728
34729
34731
34732
34733
34734
34735
34739
34740
34741
34742
34745
34746
34747
34748
34749
34750
34751
34752
34753
34754
34755
34756
34757
34758
34759
34760
34761
34762
34764
34798
34799
34800
34801
34803
34804
34805
34806
34808
34809
34810
34811
34812
34813
34816
34817
34818
34819
34820
34821
34822
34823
34824
34825
34826
34827
34828
34829
34830
34831
34832
34833
34834
34835
34838
34839
34840
34841
34842
34847
34848
34849
34852
34853
34854
34855
34856
34857
34858
34860
34861
34864
34865
34873
34876
34877
34878
34882
34883
34884
34885
34886
34887
34888
34889
34890
34891
34892
34893
34894
34895
34896
34897
34898
34899
34901
34904
34905
34906
34907
34908
34910
34911
34912
34913
34914
34915
34916
34917
34918
34919
34920
