37370
34400
34402
34403
34404
34405
34406
34407
34409
34411
34412
34413
34414
34415
34416
34417
34418
34419
34420
34421
34422
34423
34424
34425
34427
34428
34429
34430
34431
34433
34434
34435
34436
34437
34438
34439
34440
34441
34442
34443
34444
34445
34446
34447
34448
34449
34450
34452
34456
34457
34458
34459
34461
34462
34463
34464
34465
34466
34467
34468
34469
34470
34471
34473
34474
34475
34476
34477
34478
34480
34481
34482
34483
34484
34485
34486
34487
34490
34491
34492
34493
34494
34495
34496
34497
34498
34499
34500
34502
34503
34504
34505
34506
34507
34508
34509
34510
34511
34512
34514
34515
34516
34517
34518
34519
34520
34521
34522
34523
34524
34525
34526
34527
34528
34529
34530
34531
34532
34533
34534
34535
34536
34537
34539
34540
34541
34542
34543
34544
34546
34547
34548
34549
34550
34551
34552
34553
34554
34555
34556
34558
34559
34560
34561
34565
34566
34567
34568
34569
34570
34571
34572
34574
34575
34576
34577
34578
34579
34580
34581
34582
34583
34584
34585
34586
34587
34588
34589
34590
34592
34594
34595
34596
34598
34599
34600
34601
34602
34604
34605
34606
34607
34608
34610
34611
34612
34613
34614
34615
34616
34617
34618
34620
34622
34623
34624
34625
34626
34627
34628
34629
34630
34631
34632
34633
34636
34637
34638
34639
34640
34641
34642
34643
34644
34645
34647
34649
34650
34651
34652
34653
34654
34655
34656
34662
34663
34665
34666
34667
34668
34669
34670
34672
34673
34674
34675
34677
34679
34680
34681
34682
34683
34684
34686
34687
34688
34689
34690
34691
34692
34693
34694
34695
34696
34697
34698
34699
34700
34701
34702
34703
34704
34705
34706
34707
34708
34709
34710
34711
34712
34713
34714
34715
34716
34717
34718
34719
34720
34721
34722
34723
34724
34725
34726
34727
34728
34729
34731
34732
34733
34734
34735
34736
34737
34738
34739
34740
34741
34742
34745
34746
34747
34748
34749
34750
34751
34752
34753
34754
34755
34756
34757
34758
34759
34760
34761
34762
34764
34765
34767
34768
34769
34770
34771
34772
34773
34774
34775
34777
34778
34779
34780
34781
34783
34784
34785
34786
34787
34788
34789
34790
34791
34792
34793
34794
34795
34796
34797
34798
34799
34801
34803
34804
34805
34806
34808
34809
34810
34811
34812
34813
34814
34815
34816
34817
34818
34819
34820
34821
34822
34823
34824
34825
34826
34827
34828
34829
34830
34831
34832
34833
34834
34835
34836
34838
34839
34840
34841
34842
34843
34844
34845
34846
34847
34848
34849
34850
34852
34853
34854
34855
34856
34857
34858
34859
34860
34862
34864
34865
34866
34867
34868
34869
34870
34871
34872
34873
34874
34876
34877
34878
34879
34880
34882
34883
34884
34885
34886
34887
34888
34889
34890
34891
34892
34893
34894
34895
34896
34897
34898
34899
34901
34902
34904
34905
34906
34907
34908
34909
34910
34911
34912
34913
34914
34915
34916
34917
34918
34919
34920
34921
34922
34923
35241
35247
35321
35322
35323
35325
35327
35330
35331
35332
35333
35334
35335
35338
35340
35341
35342
35345
35353
35354
35355
35356
35357
35358
35359
35360
35361
35365
35366
35367
35368
35369
35371
35372
35373
35445
35446
35447
35527
35528
35529
35530
35539
35540
35541
35542
35543
35544
35545
35548
35552
35553
35561
35566
35569
35570
35571
35572
35573
35575
35576
35577
35586
35587
35588
35589
35590
35591
35596
35597
35599
35600
35609
35610
35611
35612
35613
35614
35615
35630
35641
35642
35643
35644
35645
35647
35649
35650
35651
35653
35654
35655
35997
35998
35999
36000
36001
36002
36004
36005
36007
36012
36014
36016
36017
36018
36019
36020
36021
36024
36025
36026
36029
36030
36032
36033
36034
36038
36042
36073
36078
36081
36084
36085
36086
36091
36092
36093
36094
36095
36097
36098
36196
36215
36258
36259
36260
36262
36263
36270
36271
36273
36274
36276
36277
36278
36282
36283
36284
36285
36286
36287
36288
36289
36290
36291
36292
36293
36294
36295
36296
36297
36298
36303
36304
36305
36307
36308
36310
36311
36312
36313
36314
36315
36316
36317
36318
36321
36322
36323
36324
36325
36326
36327
36328
36329
36330
36331
36332
36333
36334
36335
36336
36337
36339
36340
36341
36343
36344
36345
36349
36350
36351
36352
36353
36354
36355
36356
36357
36358
36366
36367
36368
36369
36370
36377
36378
36379
36385
36387
36388
36389
36390
36391
36393
36400
36401
36402
36403
36404
36405
36406
36407
36408
36409
36410
36411
36413
36415
36416
36420
36421
36422
36423
36424
36426
36427
36428
36429
36430
36431
36432
36434
36435
36437
36438
36439
36440
36443
36444
36445
36449
36450
36451
36452
36453
36455
36456
36457
36459
36460
36464
36465
36466
36470
36471
36472
36473
36474
36475
36476
36477
36478
36479
36480
36481
36482
36483
36484
36485
36486
36487
36491
36493
36494
36495
36496
36497
36498
36499
36500
36501
36504
36505
36506
36509
36510
36511
36512
36515
36517
36518
36519
36520
36521
36522
36523
36524
36525
36526
36527
36529
36530
36531
36532
36533
36534
36535
36536
36537
36538
36539
36540
36541
36542
36543
36544
36545
36546
36547
36548
36553
36554
36555
36556
36557
36560
36561
36562
36563
36564
36565
36569
36570
36571
36572
36573
36574
36575
36577
36578
36579
36580
36581
36582
36583
36584
36585
36589
36590
36591
36592
36595
36596
36597
36598
36599
36600
36601
36602
36603
36604
36605
36606
36607
36608
36609
36611
36612
36613
36614
36616
36617
36618
36619
36620
36621
36622
36623
36653
36654
36655
36656
36657
36658
36659
36660
36661
36662
36663
36664
36667
36668
36669
36880
36881
36882
36884
36885
36886
36888
36889
36890
36894
36895
36896
36897
36899
36901
36903
36904
36906
36907
36908
36912
36913
36914
36916
36917
36918
36919
36920
36924
36925
36928
36930
36931
36932
36933
36938
36941
36942
36945
36947
36949
36952
36953
36954
36955
36956
36957
36958
36959
36960
36962
36963
36964
36965
36966
36967
36969
36970
36971
36972
36973
36974
36975
36993
36994
36995
37006
37007
37008
37009
37010
37011
37012
37013
37014
37015
37016
37017
37018
37019
37020
37021
37022
37023
37024
37025
37027
37029
37030
37031
37032
37033
37034
37035
37036
37037
37038
37039
37040
37041
37042
37043
37044
37045
37046
37047
37048
37049
37050
37051
37052
37053
37054
37055
37056
37057
37058
37059
37060
37061
37062
37063
37064
37065
37066
37067
37068
37069
37073
37074
37075
37076
37077
37078
37080
37081
37082
37083
37086
37088
37090
37091
37093
37094
37095
37098
37099
37100
37104
37105
37107
37109
37110
37111
37112
37114
37115
37116
37117
37118
37119
37120
37121
37122
37124
37126
37127
37128
37129
37130
37131
37132
37133
37134
37157
37158
37159
37160
37169
37170
37171
37172
37180
37185
37186
37190
37191
37194
37197
37198
37201
37203
37205
37207
37208
37209
37210
37211
37212
37213
37214
37215
37216
37217
37218
37219
37220
37221
37222
37223
37224
37225
37228
37229
37230
37231
37232
37233
37234
37235
37236
37237
37238
37239
37240
37241
37242
37243
37244
37245
37246
37247
37278
37279
37280
37281
37282
37283
37285
37286
37287
37288
37289
37290
37291
37292
37295
37296
37297
37299
37300
37301
37302
37304
37305
37306
37307
37308
37309
37310
37311
37313
37314
37315
37318
37320
37321
37322
37323
37324
37325
37326
37327
37328
37329
37330
37331
37332
37335
37336
37337
37338
37339
37340
37341
37343
37345
37346
37347
37348
37350
37351
37354
37356
37357
37358
37359
37360
37362
37365
37366
37367
37368
37370
37371
37373
37374
37375
37376
37377
37378
37379
37380
37381
37382
37383
37384
37385
37386
37387
37388
37390
37391
37393
37394
37395
37396
37397
37398
37399
37400
37401
37402
37403
37404
37405
37406
37407
37408
37409
37410
37411
37412
37413
37416
37417
37418
37419
37420
37421
37422
37423
37424
37425
37426
37427
37428
37429
37430
37431
37432
37433
37434
37435
37436
37437
37438
37439
37440
37441
37442
37443
37444
37445
37446
37447
37448
37449
37450
37451
37452
37453
37454
37455
37456
37457
37458
37459
37460
37461
37462
37463
37464
37465
37466
37467
37468
37469
37470
37471
37472
37473
37474
37475
37476
37477
37478
37479
37480
37481
37482
37483
37484
37485
37486
37487
37488
37489
37490
37491
37492
37493
37494
37495
37496
37497
37499
37500
37501
37502
37503
37504
37505
37506
37507
37508
37509
37510
37511
37512
37513
37514
37515
37516
37517
37518
37519
37520
37521
37522
37523
37524
37525
37526
37527
37528
37529
37530
37531
37532
37533
37534
37535
37536
37537
37538
37541
37542
37543
37544
37545
37546
37547
37548
37549
37550
37551
37552
37553
37554
37555
37556
37557
37558
37559
37560
37561
37562
37563
37564
37565
37566
37567
37568
37569
37570
37571
37572
37573
37574
37575
37576
37577
37578
37579
37580
37583
37589
37592
37593
37594
37595
37596
37597
37598
37601
37602
37603
37604
37605
37606
37607
37608
37609
37610
37611
37612
37613
37614
37615
37616
37617
37618
37619
37620
37621
37622
37623
37624
37625
37626
37627
37628
37629
37630
37631
37632
37636
37637
37638
37639
37640
37641
37643
37644
37645
37646
37647
37648
37649
37650
37651
37652
37653
37654
37655
37656
37657
37658
37659
37660
37661
37662
37663
37664
37665
37666
37667
37668
37670
37671
37672
37673
37674
37675
37676
37677
37678
37679
37681
37682
37683
37684
37685
37686
37687
37688
37689
37690
37691
37692
37693
37694
37695
37696
37697
37698
37701
37702
37703
37704
37705
37706
37707
37708
37709
37710
37711
37712
37713
37714
37715
37716
37717
37718
37719
37720
37721
37722
37723
37724
37725
37726
37727
37729
37730
37731
37732
37733
37734
37735
37736
37737
37738
37739
37740
37741
37742
37743
37744
37745
37746
37747
37748
37749
37750
37751
37752
37753
37754
37755
37756
37757
37758
37759
37760
37761
37762
37763
37764
37765
37766
37767
37768
37769
37770
37771
37772
37773
37774
37775
37776
37777
37778
37779
37780
37781
37782
37783
37784
37785
37786
37787
37788
37789
37790
37791
37792
37793
37794
37795
37796
37797
37799
37800
37801
37802
37803
37804
37901
37902
37903
37904
37905
37906
37907
37908
37909
37910
37911
37912
37913
37914
37915
37917
37918
37919
37920
37921
37922
37923
37924
37925
37926
37927
37928
37929
37930
37931
37932
37933
37934
37935
37936
37937
37938
37946
37947
37948
37949
37950
37951
37952
37953
37954
37955
37956
37957
37958
37959
37961
37962
37963
37964
37965
37966
37968
37969
37970
37971
37972
37973
37974
37975
37976
37977
37978
37979
37980
37981
37982
37983
37986
37987
37988
37989
37990
37991
37993
37994
37995
37996
37997
37999
38000
38001
38002
38003
38005
38006
38008
38009
38010
38011
38013
38014
38015
38016
38017
38018
38019
38020
38021
38022
38023
38024
38025
38026
38027
38028
38030
38031
38032
38033
38034
38036
38037
38038
38039
38040
38041
38042
38043
38044
38045
38046
38047
38048
38049
38050
38051
38052
38053
38054
38055
38056
38057
38058
38059
38060
38061
38062
38063
38064
38065
38066
38067
38068
38069
38070
38071
38072
38073
38074
38075
38076
38077
38078
38079
38080
38081
38082
38083
38084
38085
38086
38087
38088
38089
38090
38091
38092
38093
38095
38096
38097
38099
38100
38101
38102
38103
38104
38105
38106
38107
38108
38109
38111
38112
38113
38114
38115
38116
38117
38118
38119
38120
38121
38122
38123
38124
38125
38126
38127
38128
38129
38130
38131
38132
38133
38134
38135
38136
38137
38138
38139
38140
38141
38142
38143
38144
38145
38146
38147
38148
38149
38150
38151
38153
38154
38155
38156
38157
38158
38159
38160
38161
38162
38163
38164
38165
38166
38167
38168
38169
38170
38171
38172
38173
38174
38175
38176
38177
38178
38179
38180
38181
38182
38183
38184
38185
38186
38187
38188
38189
38190
38191
38192
38193
38194
38195
38196
38197
38198
38199
38200
38201
38202
38203
38204
38205
38206
38207
38208
38209
38210
38211
38212
38213
38214
38215
38216
38217
38218
38219
38220
38221
38222
38223
38224
38225
38226
38227
38228
38229
38230
38231
38232
38233
38234
38235
38236
38237
38238
38239
38240
38241
38242
38243
38244
38245
38246
38247
38249
38250
38251
38252
38253
38254
38255
38256
38257
38258
38259
38260
38261
38262
38263
38264
38265
38266
38267
38268
38269
38270
38271
38272
38273
38274
38275
38276
38277
38278
38279
38280
38281
38282
38283
38285
38286
38287
38288
38289
38290
38291
38292
38293
38294
38295
38296
38297
38298
38299
38300
38301
38302
38303
38304
38305
38307
38308
38309
38310
38311
38312
38313
38314
38315
38316
38317
38318
38319
38320
38321
38322
38323
38324
38354
38373
38392
38393
38394
38395
38396
38397
38400
38401
38402
38403
38404
38406
38407
38408
38409
38413
38414
38415
38416
38417
38418
38428
38430
38439
38441
38442
38447
38465
38521
38522
38526
38531
38599
38600
38601
38602
38604
38605
38606
38607
38608
38609
38611
38612
38613
38615
38618
38627
38629
38630
38631
38632
38633
38634
38635
38636
38637
38638
38639
38640
38641
38643
38644
38647
38648
38650
38651
38652
38653
38654
38655
38656
38657
38660
38661
38662
38663
38664
38665
38666
38667
38668
38669
38670
38671
38672
38673
38674
38675
38676
38677
38678
38679
38680
38681
38682
38684
38685
38686
38687
38688
38689
38690
38691
38692
38693
38694
38695
38696
38697
38698
38699
38700
38701
38702
38703
38704
38705
38706
38707
38708
38709
38710
38712
38713
38714
38715
38716
38717
38718
38719
38720
38721
38722
38723
38724
38726
38729
38730
38731
38732
38733
38734
38735
38736
38737
38738
38739
38740
38741
38742
38743
38744
38745
38746
38747
38748
38749
38750
38751
38752
38753
38754
38755
38756
38757
38758
38759
38760
38761
38762
38763
38764
38765
38766
38767
38768
38769
38770
38771
38772
38773
38774
38775
38776
38777
38778
38779
38780
38781
38782
38783
38784
38785
38786
38787
38788
38789
38790
38791
38793
38794
38795
38796
38797
38798
38799
38800
38806
38807
38808
38809
38810
38811
38812
38813
38814
38815
38816
38817
38818
38819
38820
38821
38822
38823
38824
38825
38826
38827
38828
38829
38830
38831
38832
38833
38834
38835
38836
38841
38842
38843
38850
38851
38852
38853
38854
38855
38856
38857
38858
38859
38860
38861
38862
38863
38864
38865
38866
38867
38868
38869
38870
38871
38872
38873
38874
38875
38876
38877
38878
38879
38880
38881
38882
38883
38884
38885
38886
38887
38888
38889
38890
38891
38892
38893
38894
38895
38896
38897
38900
38901
38902
38903
38904
38905
38906
38907
38908
38909
38910
38911
38912
38913
38914
38915
38916
38917
38919
38920
38921
38922
38924
38925
38926
38927
38928
38929
38930
38931
38932
38933
38934
38935
38936
38937
38938
38939
38940
38942
38943
38944
38945
38946
38951
38952
38953
38954
38955
38956
38957
38958
38959
38960
38961
38962
38963
38964
38965
38966
38967
38968
38969
38970
38971
38972
38973
38974
38976
38984
38985
38986
38987
38988
38990
38991
38992
38993
38994
38995
38996
38997
38998
38999
39000
39001
39002
39003
39004
39005
39006
39007
39008
39009
39010
39011
39012
39013
39014
39015
39016
39017
39018
39019
39020
39026
39027
39028
39029
39030
39031
39032
39033
39034
39035
39036
39037
39038
39039
39040
39041
39042
39043
39044
39045
39046
39047
39048
39049
39050
39051
39052
39053
39054
39055
39056
39057
39058
39059
39060
39061
39062
39063
39064
39065
39066
39067
39068
39069
39070
39071
39072
39073
39074
39075
39076
39078
39079
39080
39081
39082
39083
39084
39085
39086
39087
39089
39090
39091
39092
39093
39094
39095
39096
39097
39098
39099
39100
39101
39102
39103
39104
39105
39106
39107
39108
39109
39110
39111
39112
39113
39114
39115
39116
39117
39118
39120
39121
39122
39123
39124
39125
39126
39127
39128
39129
39130
39131
39132
39133
39134
39135
39136
39137
39138
39139
39140
39141
39142
39143
39144
39145
39146
39147
39148
39149
39151
39152
39153
39154
39155
39156
39157
39158
39159
39160
39161
39162
39164
39165
39166
39167
39168
39169
39170
39171
39172
39173
39174
39175
39177
39178
39179
39180
39181
39182
39183
39184
39185
39186
39187
39188
39190
39191
39192
39193
39195
39196
39197
39198
39199
39200
39201
39202
39204
39205
39206
39207
39208
39209
39210
39211
39212
39213
39214
39215
39216
39217
39218
39219
39220
39221
39222
39223
39224
39225
39226
39227
39228
39229
39230
39231
39237
39238
39239
39240
39241
39242
39243
39244
39246
39249
39250
39251
39252
39253
39254
39255
39257
39258
39259
39260
39261
39262
39263
39264
39265
39266
39267
39268
39269
39271
39272
39273
39274
39275
39276
39283
39284
39285
39286
39287
39288
39289
39290
39291
39292
39293
39294
39295
39296
39297
39298
39299
39300
39301
39302
39303
39304
39305
39306
39307
39308
39309
39310
39311
39312
39313
39314
39315
39319
39320
39323
39324
39325
39326
39327
39328
39329
39330
39331
39332
39333
39334
39335
39336
39337
39338
39339
39340
39341
39342
39343
39344
39345
39347
39348
39349
39350
39351
39353
39354
39355
39356
39357
39358
39359
39360
39361
39362
39363
39364
39365
39366
39367
39368
39369
39370
39371
39372
39373
39374
39375
39376
39377
39378
39379
39380
39381
39382
39383
39384
39385
39386
39387
39388
39389
39390
39391
39392
39393
39394
39395
39396
39397
39398
39399
39400
39401
39402
39403
39404
39405
39406
39407
39408
39409
39410
39411
39412
39413
39414
39415
39417
39418
39419
39420
39421
39422
39423
39424
39425
39426
39427
39428
39429
39430
39431
39432
39433
39434
39435
39436
39437
39438
39439
39440
39441
39442
39443
39444
39445
39446
39447
39448
39468
39482
39485
39486
39487
39488
39489
39490
39491
39492
39493
39494
39499
39501
39502
39503
39504
39505
39506
39507
39509
39510
39511
39512
39513
39514
39515
39521
39525
39527
39529
39530
39531
39532
39533
39534
39535
39536
39537
39538
39539
39540
39541
39542
39543
39544
39545
39546
39547
39548
39549
39550
39551
39552
39553
39554
39555
39556
39557
39558
39559
39560
39561
39562
39563
39564
39565
39566
39567
39568
39569
39570
39571
39573
39574
39575
39576
39577
39578
39579
39580
39581
39587
39588
39589
39590
39591
39592
39593
39594
39595
39596
39597
39598
39600
39601
39602
39603
39604
39605
39606
39607
39608
39609
39610
39611
39612
39613
39614
39615
39616
39617
39618
39619
39620
39621
39622
39623
39624
39625
39626
39627
39630
39631
39632
39635
39636
39637
39638
39639
39640
39641
39642
39643
39644
39646
39647
39648
39649
39650
39651
39652
39653
39654
39655
39656
39657
39658
39659
39660
39661
39662
39664
39665
39666
39667
39668
39669
39670
39671
39672
39673
39674
39675
39676
39677
39678
39679
39680
39681
39682
39683
39684
39685
39686
39687
39688
39689
39690
39691
39692
39693
39694
39695
39696
39697
39698
39699
39700
39701
39702
39703
39704
39705
39706
39707
39708
39712
39713
39714
39715
39716
39717
39718
39719
39720
39721
39722
39723
39724
39725
39726
39727
39728
39729
39730
39731
39733
39734
39735
39736
39737
39738
39739
39740
39741
39742
39744
39745
39746
39747
39748
39749
39750
39751
39752
39753
39754
39755
39756
39757
39758
39759
39760
39761
39762
39763
39764
39765
39766
39767
39768
39769
39770
39771
39772
39773
39774
39775
39776
39777
39778
39779
39780
39781
39783
39784
39785
39786
39787
39788
39790
39791
39792
39793
39794
39795
39796
39797
39798
39799
39800
39801
39802
39803
39804
39805
39806
39807
39808
39809
39810
39811
39812
39813
39814
39815
39816
39817
39818
39819
39820
39821
39822
39823
39824
39825
39826
39827
39828
39829
39830
39831
39832
39833
39834
39835
39836
39837
39838
39839
39840
39841
39842
39843
39844
39845
39846
39847
39848
39849
39850
39851
39852
39853
39854
39855
39856
39857
39858
39859
39860
39861
39862
39863
39864
39865
39866
39867
39868
39869
39870
39871
39872
39873
39874
39875
39876
39877
39878
39879
39880
39881
39882
39883
39885
39886
39887
39888
39889
39890
39891
39892
39893
39894
39895
39896
39897
39898
39899
39900
39901
39902
39903
39904
39905
39906
39907
39908
39909
39910
39911
39912
39913
39914
39915
39916
39917
39919
39920
39921
39922
39923
39924
39925
39927
39928
39929
39930
39932
39933
39934
39935
39936
39937
39938
39939
39940
39941
39942
39943
39944
39945
39946
39947
39948
39949
39950
39951
39952
39953
39954
39955
39956
39957
39958
39959
39960
39961
39962
39963
39964
39965
39966
39967
39968
39969
39970
39971
39972
39973
39974
39975
39976
39977
39978
39979
39980
39981
39982
39983
39984
39985
39986
39987
39988
39989
39990
39991
39992
39993
39994
39995
39996
39997
39998
39999
40000
40001
40002
40003
40004
40005
40006
40007
40008
40009
40010
40011
40012
40013
40014
40015
40016
40017
40018
40019
40020
40021
40023
40024
40025
40026
40027
40028
40029
40030
40031
40032
40033
40034
40035
40036
40037
40038
40039
40040
40041
40042
40043
40044
40045
40046
40047
40048
40049
40050
40051
40052
40053
40054
40055
40056
40057
40058
40059
40060
40061
40064
40066
40067
40069
40074
40075
40077
40109
40131
40133
40134
40141
40180
40369
40370
40372
40373
40374
40375
40376
40377
40378
40379
40380
40381
40382
40383
40384
40385
40386
40387
40388
40389
40390
40391
40392
40393
40394
40395
40396
40397
40398
40399
40400
40401
40402
40403
40404
40405
40406
40407
40408
40409
40410
40411
40412
40413
40414
40415
40416
40417
40419
40420
40421
40422
40423
40424
40425
40427
40428
40429
40430
40431
40432
40433
40434
40435
40436
40437
40438
40439
40440
40441
40442
40443
40444
40445
40446
40447
40448
40449
40450
40451
40452
40453
40454
40455
40456
40457
40458
40459
40460
40461
40462
40463
40464
40465
40466
40467
40468
40469
40470
40471
40472
40473
40474
40475
40476
40477
40478
40479
40480
40481
40482
40483
40484
40485
40486
40487
40488
40489
40490
40491
40492
40493
40494
40495
40496
40497
40498
40499
40500
40501
40502
40503
40504
40505
40506
40507
40508
40514
40515
40516
40518
40519
40520
40521
40522
40523
40524
40525
40526
40527
40528
40529
40530
40531
40532
40533
40536
40537
40538
40539
40540
40541
40542
40543
40544
40545
40546
40547
40548
40549
40550
40551
40552
40553
40554
40555
40556
40557
40558
40559
40560
40561
40562
40563
40564
40565
40566
40567
40568
40569
40570
40571
40572
40573
40574
40575
40576
40580
40581
40582
40583
40584
40585
40586
40587
40588
40589
40590
40591
40592
40593
40594
40595
40596
40597
40598
40599
40600
40601
40602
40603
40604
40605
40606
40607
40608
40609
40610
40612
40613
40614
40615
40616
40618
40619
40620
40621
40622
40623
40624
40626
40627
40628
40629
40630
40631
40632
40633
40634
40635
40636
40637
40639
40640
40641
40642
40643
40644
40645
40646
40647
40648
40649
40650
40651
40652
40653
40655
40656
40657
40658
40659
40660
40661
40662
40663
40664
40665
40666
40667
40668
40669
40670
40671
40672
40673
40674
40675
40676
40677
40678
40679
40680
40681
40682
40683
40684
40685
40686
40687
40688
40689
40690
40691
40692
40693
40694
40695
40696
40697
40698
40699
40700
40701
40702
40703
40704
40705
40706
40707
40708
40709
40710
40711
40712
40713
40714
40715
40716
40717
40718
40719
40721
40722
40723
40724
40725
40726
40727
40728
40729
40730
40731
40732
40733
40734
40735
40736
40737
40738
40739
40740
40741
40743
40744
40745
40747
40748
40749
40750
40751
40752
40753
40754
40755
40756
40757
40758
40759
40760
40761
40762
40763
40765
40766
40767
40768
40769
40770
40772
40773
40774
40775
40776
40777
40778
40779
40780
40781
40782
40783
40784
40785
40786
40787
40788
40789
40790
40791
40792
40793
40794
40795
40796
40797
40798
40799
40800
40801
40802
40803
40804
40805
40806
40807
40808
40809
40810
40811
40812
40813
40814
40815
40816
40817
40818
40819
40820
40821
40822
40823
40825
40826
40827
40828
40829
40830
40831
40832
40833
40834
40835
40836
40837
40838
40839
40840
40841
40842
40843
40844
40845
40847
40848
40850
40851
40852
40853
40855
40856
40857
40858
40859
40860
40862
40863
40864
40865
40866
40867
40868
40870
40871
40874
40875
40876
40877
40879
40880
40881
40882
40883
40886
40887
40888
40889
40890
40891
40892
40893
40894
40895
40898
40899
40900
40901
40902
40903
40904
40905
40906
40907
40908
40909
40910
40911
40912
40913
40914
40915
40916
40917
40918
40919
40920
40921
40922
40923
40924
40925
40926
40927
40928
40929
40930
40931
40932
40933
40934
40935
40936
40937
40943
40944
40945
40946
40947
40948
40949
40950
40951
40952
40953
40954
40955
40956
40957
40958
40959
40960
40961
40962
40963
40964
40965
40966
40967
40968
40969
40970
40971
40972
40973
40974
40975
40976
40977
40978
40979
40980
40983
40984
40985
40986
40987
40988
40989
40990
40991
40992
40996
40997
40998
40999
41000
41001
41002
41003
41004
41005
41006
41007
41008
41009
41010
41011
41012
41013
41014
41015
41016
41017
41018
41019
41020
41021
41022
41023
41024
41025
41026
41028
41029
41030
41032
41033
41035
41036
41037
41038
41039
41040
41041
41043
41044
41045
41046
41047
41048
41049
41050
41051
41052
41053
41054
41055
41056
41057
41058
41059
41060
41062
41063
41065
41066
41067
41068
41069
41070
41071
41072
41073
41074
41075
41076
41077
41078
41079
41080
41081
41082
41083
41084
41085
41086
41087
41088
41089
41090
41091
41092
41093
41094
41095
41096
41097
41098
41099
41100
41101
41102
41103
41104
41105
41106
41107
41108
41109
41110
41111
41114
41115
41116
41117
41119
