34184
34185
34186
34187
34188
34189
34190
34191
34192
34193
34203
34204
34205
34206
34207
34208
34209
34210
34212
34213
34214
34215
34216
34217
34218
34219
34220
34221
34222
34223
34224
34226
34227
34274
34278
34279
34281
34282
34283
34284
34285
34287
34288
34289
34290
34291
34292
34293
34294
34295
34296
34297
34298
34299
34300
34301
34302
34305
34306
34308
34309
34310
34311
34312
34313
34314
34315
34316
34317
34318
34319
34320
34321
34322
34323
34324
34325
34330
34334
34335
34337
34338
34339
34340
34341
34342
34343
34344
34345
34346
34347
34348
34349
34350
34351
34352
34353
34354
34355
34357
34358
34359
34360
34361
34362
34396
34397
34399
34400
34402
34403
34404
34405
34406
34409
34411
34412
34413
34414
34415
34416
34417
34418
34419
34420
34421
34422
34423
34424
34428
34429
34430
34433
34434
34435
34436
34437
34438
34439
34440
34441
34442
34443
34444
34470
34473
34474
34475
34476
34477
34479
34480
34481
34482
34483
34485
34486
34490
34491
34494
34495
34497
34498
34499
34506
34512
34518
34521
34522
34523
34524
34525
34526
34527
34528
34529
34530
34531
34532
34533
34535
34536
34581
34582
34583
34584
34585
34586
34587
34588
34589
34590
34591
34594
34595
34598
34599
34600
34601
34602
34604
34605
34606
34607
34610
34611
34612
34613
34614
34615
34616
34618
