34184
34185
34186
34187
34188
34189
34190
34191
34192
34193
34203
34204
34205
34206
34207
34208
34209
34210
34212
34213
34214
34215
34216
34217
34218
34219
34220
34221
34222
34223
34224
34226
34227
34274
34278
34279
34281
34282
34283
34284
34285
34287
34288
34289
34290
34291
34292
34293
34294
34295
34296
34297
34298
34299
34300
34301
34302
34305
34306
34308
34309
34310
34311
34312
34313
34314
34315
34316
34317
34318
34319
34320
34321
34322
34323
34324
34325
34330
34334
34335
34337
34338
34339
34340
34341
34342
34343
34344
34345
34346
34347
34348
34349
34350
34351
34352
34353
34354
34355
34357
34358
34359
34360
34361
34362
34396
34397
34399
34400
34402
34403
34404
34405
34406
34409
34411
34412
34413
34414
34415
34416
34417
34418
34419
34420
34421
34422
34423
34424
34428
34429
34430
34433
34434
34435
34436
34437
34438
34439
34440
34441
34442
34443
34444
34470
34473
34474
34475
34476
34477
34479
34480
34481
34482
34483
34485
34486
34490
34491
34494
34495
34497
34498
34499
34506
34512
34518
34521
34522
34523
34524
34525
34526
34527
34528
34529
34530
34531
34532
34533
34535
34536
34581
34582
34583
34584
34585
34586
34587
34588
34589
34590
34591
34594
34595
34598
34599
34600
34601
34602
34604
34605
34606
34607
34610
34611
34612
34613
34614
34615
34616
34618
34702
34703
34704
34705
34706
34707
34708
34710
34711
34712
34713
34718
34719
34720
34721
34722
34723
34724
34725
34726
34727
34728
34729
34731
34732
34733
34734
34735
34739
34740
34741
34742
34745
34746
34747
34748
34749
34750
34751
34752
34753
34754
34755
34756
34757
34758
34759
34760
34761
34762
34764
34798
34799
34800
34801
34803
34804
34805
34806
34808
34809
34810
34811
34812
34813
34816
34817
34818
34819
34820
34821
34822
34823
34824
34825
34826
34827
34828
34829
34830
34831
34832
34833
34834
34835
34838
34839
34840
34841
34842
34847
34848
34849
34852
34853
34854
34855
34856
34857
34858
34860
34861
34864
34865
34873
34876
34877
34878
34882
34883
34884
34885
34886
34887
34888
34889
34890
34891
34892
34893
34894
34895
34896
34897
34898
34899
34901
34904
34905
34906
34907
34908
34910
34911
34912
34913
34914
34915
34916
34917
34918
34919
34920
