24576
24578
24580
24583
24584
24587
24589
24591
24594
24597
24604
24613
24633
24684
24686
24688
24689
24690
24691
24695
24697
24699
24700
24703
24704
24722
24723
24724
24725
24727
24729
24732
24734
24736
24737
24742
24743
24744
24746
24747
24749
24750
24754
24755
24758
24760
24762
24766
24767
24769
24770
24775
24779
24783
24785
24786
24788
24792
24795
24796
24797
24800
24801
24831
24832
24840
24845
24847
24850
24852
24854
24856
24857
24858
24859
24865
24867
24868
24871
24874
24877
24879
24880
24881
24884
24885
24886
24889
24893
24894
24895
25894
25895
25896
25897
25900
25903
25904
25906
25916
25917
25918
25922
25923
25925
25927
25929
25930
25934
25936
25938
25939
25941
25946
25948
25950
25951
25952
25954
25959
25960
25961
25980
25981
25982
25983
25985
25987
25988
25990
25996
25997
26000
26001
26002
26010
26011
26012
26013
26014
26015
26055
26064
26067
26071
26072
26073
26074
26081
26082
26083
26085
26087
26088
26089
26090
26092
26095
26097
26099
26100
26140
26143
26147
26148
26153
26154
26155
26159
26168
26169
26170
26173
26174
26175
26176
26198
26203
26205
26206
26207
26211
26212
26215
26216
26218
26276
26286
26294
26295
26296
26297
26298
26299
26300
26301
26304
26307
26313
26316
26317
26318
26319
26320
26322
26327
26333
26335
26339
26340
26343
26358
26359
26360
26366
26367
26373
26376
26379
26383
26478
26483
26487
26488
26491
26492
26493
26496
26497
26498
26501
26502
26503
26506
26507
26508
26510
26511
26512
26513
26514
26517
26518
26522
26563
26566
26569
26571
26572
26575
26576
26585
26586
26589
26592
26593
26609
26611
26675
26676
26678
26679
26680
26683
26684
26686
26687
26689
26691
26693
26695
26697
26700
26702
26705
26707
26708
26709
26710
26712
26713
26714
26717
26720
26757
26758
26759
26760
26762
26764
26765
26769
26770
26771
26772
26774
26783
26792
26793
26797
26798
26803
27013
27019
27021
27028
27029
27041
27042
27166
27188
27189
27193
27194
27196
27201
27203
27204
27205
27210
27211
27212
