15921
15922
15923
15924
15925
15927
15928
15929
15930
15931
15932
15933
15934
15935
15936
15937
15938
15939
15940
15941
15942
15943
15944
15945
15946
15947
15948
15949
15950
15951
15952
15953
15954
15955
15957
15958
15959
15960
15961
15963
15964
15967
15968
15969
15970
15972
15973
15974
15975
15977
15978
15981
15982
15984
15985
15986
15987
15988
15989
15991
16113
16114
16115
16116
16117
16118
16119
16120
16121
16122
16123
16124
16125
16126
16127
16128
16129
16130
16132
16133
16134
16135
16136
16137
16138
16142
16143
16144
16145
16146
16147
16148
16149
16150
16154
16155
16156
16157
16158
16159
16160
16161
16162
16163
16165
16166
16167
16168
16171
16172
16173
16174
16175
16176
16177
16178
16179
16180
16182
16184
16185
16186
16187
16188
16189
16190
16191
16192
16193
16194
16195
16196
16199
16200
16201
16202
16203
16227
16228
16229
16230
16231
16232
16233
16234
16355
16356
16357
16358
16359
16362
16363
16364
16365
16366
16367
16368
16369
16370
16371
16372
16373
16374
16376
16377
16378
16379
16380
16381
16382
16383
16410
16412
16413
16414
16415
16416
16417
16418
16419
16422
16424
16425
16426
16427
16428
16429
16430
16431
16432
16433
16434
16436
16437
16444
16445
16446
16447
16450
16452
16453
16454
16455
16456
16457
16458
16459
16460
16461
16462
16465
16466
16467
16468
16469
16470
16471
16472
16473
16474
16475
16476
16477
16478
16479
16480
16481
16482
16483
16484
16485
16486
16487
16488
16489
16490
16491
16492
16493
16494
16495
16499
16500
16502
16503
16508
16509
16510
16511
16512
16513
16514
17065
17066
17068
17070
17072
17073
17074
17075
17076
17077
17078
17079
17080
17081
17082
17083
17089
17093
17094
17098
17105
17106
17107
17108
17109
17110
17112
17113
17116
17117
17118
17120
17121
17122
17123
17124
17126
17127
17128
17129
17130
17132
17133
17134
17135
17139
17140
17143
17145
17147
17148
17152
17153
17155
17156
17157
17159
17160
17162
17163
17164
17166
17167
17168
17169
17171
17172
17174
17175
17178
17179
17180
17212
17213
17215
17216
17218
17219
17220
17223
17224
17226
17227
17228
17229
17231
17232
17234
17235
17238
17239
17240
17241
17242
17243
17244
17245
17246
17247
17248
17249
17250
17251
17252
17255
17256
17257
17258
17259
17260
17261
17262
17264
17265
17266
17267
17268
17270
17271
17272
17292
17293
17294
17295
17296
17297
17298
17299
17300
17301
17302
17303
17304
17305
17307
17308
17309
17310
17311
17312
17314
17316
17317
17318
17319
17320
17321
17322
17323
17324
17325
17326
17327
17329
17331
17333
17334
17335
17341
17342
17343
17344
17345
17351
17352
17353
17354
17356
17357
17361
17362
17378
17379
17380
17381
17382
17383
17384
17385
17386
17388
17389
17390
17391
17392
17393
17397
17398
17399
17400
17401
17402
17403
17404
17405
17406
17407
17408
17410
17411
17412
17413
17414
17416
17417
17419
17420
17421
17424
17430
17431
17432
17433
17434
17435
17436
17438
17439
17440
17441
17444
17445
17446
17447
17448
17449
17450
17451
17452
17453
17454
17455
17456
17457
17458
17459
17466
17467
17468
17470
17472
17475
17476
17477
17493
17499
17500
17501
17502
17503
17504
17505
17506
17520
17521
17523
17524
17525
17526
17527
