24576
24577
24578
24580
24582
24583
24584
24587
24588
24589
24591
24594
24597
24604
24613
24616
24620
24621
24627
24631
24632
24633
24683
24684
24686
24687
24688
24689
24690
24691
24692
24695
24696
24697
24698
24699
24700
24703
24704
24705
24721
24722
24723
24724
24725
24726
24727
24729
24730
24732
24733
24734
24735
24736
24737
24739
24742
24743
24744
24745
24746
24747
24749
24750
24754
24755
24758
24759
24760
24762
24765
24766
24767
24769
24770
24772
24774
24775
24777
24778
24779
24780
24782
24783
24784
24785
24786
24787
24788
24790
24792
24795
24796
24797
24799
24800
24801
24802
24831
24832
24840
24845
24846
24847
24850
24851
24852
24854
24855
24856
24857
24858
24859
24863
24865
24866
24867
24868
24870
24871
24872
24873
24874
24875
24877
24878
24879
24880
24881
24884
24885
24886
24889
24890
24891
24893
24894
24895
24921
24922
24925
24926
24927
24928
24935
24936
24938
24939
24940
24941
24942
24943
24947
24949
24952
24953
24956
24957
24958
24961
24963
24964
24965
24966
24969
24970
24971
24973
24974
24975
24976
24977
24978
24980
24981
24982
24983
24984
24985
24986
24987
24988
24995
24997
24998
24999
25000
25001
25002
25003
25004
25006
25008
25010
25011
25012
25013
25022
25023
25024
25025
25026
25028
25029
25031
25033
25035
25036
25037
25040
25041
25043
25044
25894
25895
25896
25897
25900
25901
25903
25904
25906
25909
25916
25917
25918
25920
25922
25923
25925
25926
25927
25928
25929
25930
25932
25934
25935
25936
25937
25938
25939
25940
25941
25946
25948
25949
25950
25951
25952
25953
25954
25955
25959
25960
25961
25980
25981
25982
25983
25984
25985
25987
25988
25989
25990
25991
25994
25996
25997
25999
26000
26001
26002
26003
26009
26010
26011
26012
26013
26014
26015
26052
26053
26055
26058
26064
26065
26067
26071
26072
26073
26074
26078
26079
26080
26081
26082
26083
26085
26086
26087
26088
26089
26090
26092
26095
26097
26099
26100
26139
26140
26143
26147
26148
26149
26153
26154
26155
26159
26168
26169
26170
26171
26173
26174
26175
26176
26177
26178
26179
26197
26198
26203
26205
26206
26207
26210
26211
26212
26214
26215
26216
26218
26270
26271
26272
26273
26274
26276
26279
26280
26285
26286
26294
26295
26296
26297
26298
26299
26300
26301
26302
26304
26306
26307
26313
26314
26316
26317
26318
26319
26320
26321
26322
26324
26325
26326
26327
26328
26330
26333
26334
26335
26336
26338
26339
26340
26343
26358
26359
26360
26362
26366
26367
26373
26374
26375
26376
26379
26380
26383
26478
26482
26483
26486
26487
26488
26491
26492
26493
26494
26496
26497
26498
26500
26501
26502
26503
26504
26506
26507
26508
26509
26510
26511
26512
26513
26514
26517
26518
26519
26521
26522
26524
26563
26564
26565
26566
26569
26571
26572
26574
26575
26576
26579
26585
26586
26589
26590
26591
26592
26593
26609
26611
26675
26676
26678
26679
26680
26683
26684
26685
26686
26687
26688
26689
26691
26692
26693
26695
26696
26697
26700
26702
26705
26706
26707
26708
26709
26710
26711
26712
26713
26714
26715
26716
26717
26718
26719
26720
26757
26758
26759
26760
26762
26764
26765
26769
26770
26771
26772
26773
26774
26783
26792
26793
26797
26798
26802
26803
26999
27013
27018
27019
27021
27022
27028
27029
27041
27042
27166
27188
27189
27190
27192
27193
27194
27195
27196
27197
27201
27203
27204
27205
27206
27210
27211
27212
